This is the statistic report for the file bill.txt
the word count for this file is 482
the letter count for this file is 2304
a = 7.204861111111111% : 166
b = 2.34375% : 54
c = 3.125% : 72
d = 3.2552083333333335% : 75
e = 13.49826388888889% : 311
f = 2.3003472222222223% : 53
g = 1.2586805555555556% : 29
h = 4.253472222222222% : 98
i = 7.074652777777778% : 163
j = 0.3472222222222222% : 8
k = 0.13020833333333331% : 3
l = 4.210069444444445% : 97
m = 2.560763888888889% : 59
n = 7.465277777777778% : 172
o = 7.074652777777778% : 163
p = 2.647569444444444% : 61
q = 0.08680555555555555% : 2
r = 6.553819444444445% : 151
s = 6.553819444444445% : 151
t = 8.637152777777777% : 199
u = 2.473958333333333% : 57
v = 0.8680555555555556% : 20
w = 1.215277777777778% : 28
x = 0.3472222222222222% : 8
y = 1.4322916666666665% : 33
z = 0.08680555555555555% : 2
The Ten Top Most Frequent Words: 
the = 37
of = 24
to = 22
be = 20
shall = 16
in = 16
or = 15
and = 14
Amendment = 10
by = 9
